                precision    recall  f1-score   support

      Analysis   0.028769  0.036928  0.032342       677
      Backdoor   0.030612  0.231561  0.054076       583
           DoS   0.300234  0.219614  0.253672      4089
      Exploits   0.791797  0.679842  0.731561     11132
       Fuzzers   0.808954  0.780930  0.794695      6062
       Generic   0.999287  0.965821  0.982269     18871
Reconnaissance   0.934929  0.793192  0.858248      3496
     Shellcode   0.590571  0.629630  0.609475       378

      accuracy                       0.763933     45288
     macro avg   0.560644  0.542190  0.539542     45288
  weighted avg   0.824334  0.763933  0.790918     45288
