                precision    recall  f1-score   support

      Analysis   0.066502  0.079764  0.072532       677
      Backdoor   0.040444  0.087479  0.055315       583
           DoS   0.572034  0.099046  0.168856      4089
      Exploits   0.618057  0.883669  0.727374     11132
       Fuzzers   0.940220  0.705708  0.806257      6062
       Generic   0.998582  0.970325  0.984251     18871
Reconnaissance   0.933179  0.806922  0.865470      3496
     Shellcode   0.427313  0.769841  0.549575       378

      accuracy                       0.795972     45288
     macro avg   0.574541  0.550344  0.528704     45288
  weighted avg   0.822638  0.795972  0.785278     45288
